0 0 0
0 0 0.0001
0.0001 0.0001 0.0001
0.0001 0.0001 0.0002
0.0001 0.0001 0.0002
0.0003 0.0003 0.0005
0.0005 0.0005 0.0007
0.0007 0.0007 0.001
0.0009 0.0009 0.0012
0.0017 0.0017 0.0025
0.0026 0.0026 0.0037
0.0035 0.0035 0.005
0.0044 0.0044 0.0062
0.0088 0.0088 0.0125
0.0133 0.0133 0.0187
0.0177 0.0177 0.0249
0.0221 0.0221 0.0312
0.0442 0.0442 0.062
0.0661 0.0661 0.0924
0.088 0.088 0.1225
0.1098 0.1098 0.1521
0.2172 0.2172 0.295
0.3225 0.3225 0.429
0.4257 0.4257 0.5545
0.5269 0.5269 0.6719
0.7992 0.7992 0.9585
1.0593 1.0593 1.1908
1.3086 1.3086 1.3733
1.5485 1.5485 1.5097
1.8881 1.8881 1.6331
2.2117 2.2117 1.6691
2.5209 2.5209 1.6235
2.8168 2.8168 1.5016
3.1921 3.1921 1.2275
3.5447 3.5447 0.837
3.8747 3.8747 0.3421
4.182 4.182 -0.2441
4.5323 4.5323 -1.0783
4.8489 4.8489 -2.011
5.1335 5.1335 -3.0242
5.388 5.388 -4.0976
5.5786 5.5786 -5.0254
5.7513 5.7513 -5.9786
5.9075 5.9075 -6.9524
6.0487 6.0487 -7.942
6.1887 6.1887 -9.0487
6.3136 6.3136 -10.1671
6.425 6.425 -11.2949
6.5243 6.5243 -12.4294
6.6266 6.6266 -13.7597
6.7159 6.7159 -15.0954
6.7939 6.7939 -16.4353
6.8619 6.8619 -17.7779
6.9333 6.9333 -19.4149
6.9937 6.9937 -21.0541
7.0448 7.0448 -22.6952
7.0882 7.0882 -24.3373
7.1251 7.1251 -25.9917
7.1564 7.1564 -27.6466
7.1828 7.1828 -29.302
7.2052 7.2052 -30.9576
7.2241 7.2241 -32.6133
7.2401 7.2401 -34.2691
7.2537 7.2537 -35.9251
7.2651 7.2651 -37.5811
7.2748 7.2748 -39.2371
7.283 7.283 -40.8932
7.29 7.29 -42.5493
7.2958 7.2958 -44.2054
7.3008 7.3008 -45.8616
7.305 7.305 -47.5177
7.3085 7.3085 -49.1738
7.3115 7.3115 -50.83
7.3131 7.3131 -51.8061
7.3145 7.3145 -52.7822
7.3158 7.3158 -53.7583
7.3169 7.3169 -54.7343